142
3
67
77
141
285
857
858
861
863
1782
1080
1078
388
235
862
1081
1082
232
138
1079
6
2
866
1076
1084
1077
1496
1756
123
1763
269
1783
274
1083
78
711
1497
1284
1547
1285
1283
1781
286
81
851
233
852
743
850
849
1755
114
273
275
281
705
818
870
873
1542
1757
1758
1760
1761
1762
1764
1765
1767
1768
1769
320
326
331
1814
6038
502
503
504
505
506
507
936
937
938
1778
91
92
93
104
109
111
128
155
167
229
260
289
291
292
293
365
366
367
368
369
385
386
547
548
551
769
816
829
869
871
872
1085
1086
1087
1088
1089
1090
1288
1289
1290
1291
1543
1544
1545
1546
1759
1766
6068
6069
346
347
5482
5483
5484
5485
5486
5487
