375
69
70
71
76
77
84
179
183
184
185
211
230
280
281
292
293
294
295
308
311
314
315
347
349
418
420
424
458
459
463
485
603
623
685
686
688
689
690
693
700
701
702
703
704
705
706
707
708
709
710
714
718
719
720
721
722
723
724
725
814
816
817
818
820
821
822
823
825
827
828
829
830
831
832
849
851
852
853
854
855
856
857
858
859
860
861
862
863
864
865
866
867
868
869
870
871
872
902
903
910
962
963
964
965
966
967
968
969
970
971
972
973
974
975
980
981
982
984
994
1007
1010
1012
1013
1014
1043
1044
1065
1077
1083
1085
1087
1088
1089
1159
1226
1239
1241
1243
1313
1314
1315
1316
1329
1331
1332
1334
1335
1337
1338
1339
1340
1342
1343
1345
1347
1348
1349
1351
1355
1357
1358
1360
1361
1363
1364
1366
1368
1369
1371
1373
1375
1377
1393
1409
1445
1446
1471
1472
1473
1474
1475
1479
1485
1486
1487
1488
1489
1490
1491
1517
1519
1520
1522
1525
1526
1527
1528
1542
1570
1571
1572
1573
1574
1575
1576
1577
1578
1579
1580
1581
1582
1583
1584
1588
1589
1590
1591
1592
1595
1596
1597
1598
1610
1611
1612
1613
1614
1615
1628
1629
1644
1645
1646
1647
1648
1649
1657
1658
1659
1660
1661
1662
1663
1664
1665
1666
1667
1668
1669
1670
1675
1676
1679
1680
1681
1682
1689
1690
1691
1692
1718
1719
1720
1721
1737
1787
1788
1827
1828
1922
1950
1951
1952
1953
1954
1955
1956
1957
1958
1959
1971
1972
1975
1976
1977
1993
1999
2116
2117
2140
2142
2145
2146
2147
2160
2161
2162
2163
2164
2165
2167
2168
2169
2170
2171
2172
2173
2174
2175
2176
2177
2178
2180
2182
2192
2193
2194
2197
2198
2199
2201
2203
2204
2205
2207
2209
2211
2212
2213
2214
2215
2216
2217
2219
2224
2225
2234
2239
2240
2267
2271
2274
2420
2424
2427
2572
2693
2701
2709
2717
2836
2837
2838
2839
2840
2841
2850
3052
3057
3059
3060
3064
3066
3073
3074
3075
3121
3138
3140
3154
3197
3282
