24
; 0:prince 1:knight 2:elf 3:magician 4:dark elf 5:dragon knight 6:illusionist
; class, type, str, dex, con, int, wis, cha
0 1 18 10 12 10 12 13
0 2 13 10 18 10 11 13
0 3 16 10 10 10 11 18
1 1 20 12 14 8 9 12
1 2 16 12 18 8 9 12
1 3 18 13 15 8 9 12
2 1 11 18 13 12 12 9
2 2 11 15 13 12 15 9
2 3 18 12 12 12 12 9
3 1 8 7 16 18 18 8
3 2 8 7 18 18 16 8
3 3 18 7 18 12 12 8
4 1 18 15 12 11 10 9
4 2 18 17 8 11 12 9
4 3 12 15 18 11 10 9
5 1 18 11 15 11 12 8
5 2 15 11 18 11 12 8
5 3 15 11 17 11 13 8
6 1 11 10 12 18 16 8
6 2 16 10 16 12 13 8
6 3 18 10 15 12 12 8
