373
1 2
2 2
3 4
7 2
8 2
9 2
10 2
11 2
12 2
13 2
14 2
15 8
16 4
17 4
18 2
19 2
20 2
21 2
22 2
23 2
24 2
25 2
26 2
27 2
28 2
30 2
31 2
32 2
33 2
34 2
35 1
36 1
37 1
38 2
39 2
40 2
41 2
43 1
44 1
45 1
46 1
47 1
48 1
49 1
50 1
51 1
52 8
53 2
54 2
55 2
56 2
59 2
60 2
61 2
62 4
63 2
64 8
72 4
73 4
74 4
75 11
76 11
77 11
78 2
79 2
80 2
81 2
82 2
85 2
86 2
87 2
101 2
102 2
103 2
104 2
105 2
106 2
107 2
108 2
109 2
110 2
111 2
112 2
113 2
114 2
115 2
116 2
117 2
118 2
119 2
120 2
121 2
122 2
123 2
124 2
125 2
126 2
127 2
128 2
129 2
130 2
131 2
132 2
133 2
134 2
135 2
136 2
137 2
138 2
139 2
140 2
141 2
142 2
143 2
144 2
145 2
146 2
147 2
148 2
149 2
150 2
151 2
152 2
153 2
154 2
155 2
156 2
157 2
158 2
159 2
160 2
161 2
162 2
163 2
164 2
165 2
166 2
167 2
168 2
169 2
170 2
171 2
172 2
173 2
174 2
175 2
176 2
177 2
178 2
179 2
180 2
181 2
182 2
183 2
184 2
185 2
186 2
187 2
188 2
189 2
190 2
191 2
192 2
193 2
194 2
195 2
196 2
197 2
198 2
199 2
200 2
201 2
202 2
203 2
204 2
205 2
206 2
207 2
208 2
209 2
210 2
211 2
212 2
213 2
214 2
215 2
216 2
217 2
218 2
219 2
220 2
221 2
222 2
223 2
224 2
225 2
226 2
227 2
228 2
229 2
230 2
231 2
232 2
233 2
234 2
235 2
236 2
237 2
240 2
241 2
242 2
243 2
248 2
249 2
250 2
251 2
252 2
253 2
254 2
255 3
256 3
257 3
258 3
259 3
260 8
271 2
272 2
273 2
274 2
275 2
276 2
277 2
278 2
280 3
281 3
282 3
283 3
284 3
285 3
286 3
287 3
288 3
289 3
300 8
301 2
304 2
305 4
306 2
307 2
308 2
309 2
310 2
320 6
330 2
400 2
401 2
410 2
420 2
430 3
441 2
442 2
443 2
444 2
450 2
451 2
452 2
453 2
454 2
455 2
456 2
457 2
460 2
461 2
462 2
463 2
464 2
465 2
466 2
467 2
470 2
471 2
472 2
473 2
474 2
475 2
476 2
477 2
478 2
479 2
481 2
490 2
491 2
492 2
493 2
494 2
495 2
496 2
497 2
522 3
523 3
524 3
530 2
531 2
532 2
533 2
534 2
535 2
536 2
537 2
541 2
542 2
543 2
550 4
551 3
552 3
553 3
554 3
555 3
556 3
557 2
558 2
600 3
601 3
602 3
603 3
604 3
605 3
606 3
607 3
608 3
653 2
654 2
655 2
656 2
666 2
778 3
779 3
781 2
782 2
807 2
808 2
809 2
810 2
811 2
812 2
813 2
1001 4
1002 2
1003 2
1004 2
1005 2
1234 2
1930 3
2100 2
2101 2
2151 2
2210 2
2301 4
5191 1
5192 1
5193 1
5194 1
5195 1
5196 1
5197 1
5198 1
5199 1
5303 2
5384 2
5435 2
5501 6
7785 2
7786 2
